# 1    2170    172800.0000 25
X (m)          Y (m)          Z (m)          T(m)
-1132914.6126  6092528.9442   1504633.0098   24.2641
验后单位权中误差: 0.4196 (m)
验后估计方差(m^2)
0.1502         -0.0559        -0.0246        -0.0496        
-0.0559        0.5175         0.0106         0.3023         
-0.0246        0.0106         0.0970         0.0170         
-0.0496        0.3023         0.0170         0.2120         
------------------------------------------------------------
# 2    2170    172830.0000 25
X (m)          Y (m)          Z (m)          T(m)
-1559006.8968  12284241.1790  1083496.7884   1992201.4097
验后单位权中误差: 3036322.0068 (m)
验后估计方差(m^2)
5467770886112.0439-1190485565222.7385-1045226213440.5066-1066664816300.7189
-1190485565222.738514226864001798.8535245687593625.54265693580628587.4932
-1045226213440.5067245687593625.54263662920695376.1636553969262044.6152
-1066664816300.71895693580628587.4912553969262044.61523865558311173.3970
------------------------------------------------------------
# 3    2170    172860.0000 25
X (m)          Y (m)          Z (m)          T(m)
-335703.7208   7341296.9012   -1486009.0808  -1852561.3730
验后单位权中误差: 4219923.2669 (m)
验后估计方差(m^2)
11328291323552.0957-4236539376908.7466-2122136871818.6501-3934497047426.2661
-4236539376908.750039675023790667.44532083697985947.417221225918203109.0664
-2122136871818.65042083697985947.41637858149757573.40232493378848637.2026
-3934497047426.266121225918203109.07032493378848637.203114485143111035.1367
------------------------------------------------------------
# 4    2170    172890.0000 25
X (m)          Y (m)          Z (m)          T(m)
-1132915.5598  6092529.5332   1504632.7883   24.3074
验后单位权中误差: 0.5184 (m)
验后估计方差(m^2)
0.1670         -0.0721        -0.0271        -0.0575        
-0.0721        0.6103         0.0094         0.3419         
-0.0271        0.0094         0.1156         0.0156         
-0.0575        0.3419         0.0156         0.2336         
------------------------------------------------------------
# 5    2170    172920.0000 25
X (m)          Y (m)          Z (m)          T(m)
-1132915.5618  6092529.4431   1504632.8641   24.0927
验后单位权中误差: 0.5185 (m)
验后估计方差(m^2)
0.1624         -0.0718        -0.0262        -0.0566        
-0.0718        0.5977         0.0090         0.3335         
-0.0262        0.0090         0.1131         0.0149         
-0.0566        0.3335         0.0149         0.2273         
------------------------------------------------------------
# 6    2170    172950.0000 25
X (m)          Y (m)          Z (m)          T(m)
-1132915.5195  6092529.2159   1504632.9275   24.0373
验后单位权中误差: 0.5094 (m)
验后估计方差(m^2)
0.1538         -0.0693        -0.0247        -0.0542        
-0.0693        0.5690         0.0086         0.3166         
-0.0247        0.0086         0.1075         0.0139         
-0.0542        0.3166         0.0139         0.2153         
------------------------------------------------------------
# 7    2170    172980.0000 25
X (m)          Y (m)          Z (m)          T(m)
-1132915.4999  6092529.1561   1504632.9035   23.9173
验后单位权中误差: 0.4839 (m)
验后估计方差(m^2)
0.1369         -0.0627        -0.0218        -0.0487        
-0.0627        0.5084         0.0077         0.2823         
-0.0218        0.0077         0.0959         0.0123         
-0.0487        0.2823         0.0123         0.1917         
------------------------------------------------------------
# 8    2170    173010.0000 25
X (m)          Y (m)          Z (m)          T(m)
-1132915.5129  6092529.0095   1504632.8598   23.7153
验后单位权中误差: 0.4819 (m)
验后估计方差(m^2)
0.1343         -0.0625        -0.0214        -0.0482        
-0.0625        0.5004         0.0077         0.2774         
-0.0214        0.0077         0.0942         0.0121         
-0.0482        0.2774         0.0121         0.1881         
------------------------------------------------------------
# 9    2170    173040.0000 25
X (m)          Y (m)          Z (m)          T(m)
-1132915.5282  6092529.0827   1504632.8182   23.8872
验后单位权中误差: 0.4709 (m)
验后估计方差(m^2)
0.1272         -0.0600        -0.0202        -0.0461        
-0.0600        0.4751         0.0075         0.2631         
-0.0202        0.0075         0.0893         0.0114         
-0.0461        0.2631         0.0114         0.1782         
------------------------------------------------------------
# 10   2170    173070.0000 25
X (m)          Y (m)          Z (m)          T(m)
-1132915.6036  6092529.2861   1504632.8269   24.0027
验后单位权中误差: 0.4617 (m)
验后估计方差(m^2)
0.1215         -0.0580        -0.0192        -0.0444        
-0.0580        0.4547         0.0073         0.2515         
-0.0192        0.0073         0.0853         0.0110         
-0.0444        0.2515         0.0110         0.1702         
------------------------------------------------------------
# 11   2170    173100.0000 25
X (m)          Y (m)          Z (m)          T(m)
-1132915.5720  6092529.2773   1504632.8286   24.0264
验后单位权中误差: 0.4457 (m)
验后估计方差(m^2)
0.1126         -0.0545        -0.0177        -0.0415        
-0.0545        0.4223         0.0070         0.2334         
-0.0177        0.0070         0.0791         0.0102         
-0.0415        0.2334         0.0102         0.1579         
------------------------------------------------------------
# 12   2170    173130.0000 25
X (m)          Y (m)          Z (m)          T(m)
-1132915.5775  6092529.3657   1504632.8299   23.9685
验后单位权中误差: 0.4564 (m)
验后估计方差(m^2)
0.1176         -0.0575        -0.0185        -0.0437        
-0.0575        0.4417         0.0075         0.2439         
-0.0185        0.0075         0.0826         0.0107         
-0.0437        0.2439         0.0107         0.1649         
------------------------------------------------------------
# 13   2170    173160.0000 25
X (m)          Y (m)          Z (m)          T(m)
-1132915.6172  6092529.3224   1504632.8505   24.0445
验后单位权中误差: 0.4326 (m)
验后估计方差(m^2)
0.1053         -0.0521        -0.0165        -0.0395        
-0.0521        0.3960         0.0069         0.2186         
-0.0165        0.0069         0.0739         0.0097         
-0.0395        0.2186         0.0097         0.1477         
------------------------------------------------------------
# 14   2170    173190.0000 25
X (m)          Y (m)          Z (m)          T(m)
-1132915.5757  6092529.3589   1504632.8648   24.0928
验后单位权中误差: 0.4276 (m)
验后估计方差(m^2)
0.1025         -0.0513        -0.0161        -0.0388        
-0.0513        0.3862         0.0069         0.2131         
-0.0161        0.0069         0.0719         0.0095         
-0.0388        0.2131         0.0095         0.1439         
------------------------------------------------------------
# 15   2170    173220.0000 25
X (m)          Y (m)          Z (m)          T(m)
-1132915.6497  6092529.4780   1504632.8438   24.1873
验后单位权中误差: 0.4216 (m)
验后估计方差(m^2)
0.0994         -0.0503        -0.0156        -0.0379        
-0.0503        0.3749         0.0069         0.2068         
-0.0156        0.0069         0.0697         0.0093         
-0.0379        0.2068         0.0093         0.1396         
------------------------------------------------------------
# 16   2170    173250.0000 25
X (m)          Y (m)          Z (m)          T(m)
-1132915.6009  6092529.4669   1504632.8376   24.2509
验后单位权中误差: 0.4369 (m)
验后估计方差(m^2)
0.1066         -0.0545        -0.0167        -0.0409        
-0.0545        0.4022         0.0076         0.2217         
-0.0167        0.0076         0.0747         0.0100         
-0.0409        0.2217         0.0100         0.1496         
------------------------------------------------------------
# 17   2170    173280.0000 25
X (m)          Y (m)          Z (m)          T(m)
-1132915.5534  6092529.5379   1504632.8478   24.2698
验后单位权中误差: 0.4270 (m)
验后估计方差(m^2)
0.1016         -0.0524        -0.0159        -0.0393        
-0.0524        0.3837         0.0075         0.2115         
-0.0159        0.0075         0.0711         0.0097         
-0.0393        0.2115         0.0097         0.1426         
------------------------------------------------------------
# 18   2170    173310.0000 25
X (m)          Y (m)          Z (m)          T(m)
-1132915.5056  6092529.5531   1504632.8194   24.2377
验后单位权中误差: 0.4347 (m)
验后估计方差(m^2)
0.1051         -0.0548        -0.0164        -0.0410        
-0.0548        0.3974         0.0080         0.2190         
-0.0164        0.0080         0.0735         0.0101         
-0.0410        0.2190         0.0101         0.1476         
------------------------------------------------------------
# 19   2170    173340.0000 25
X (m)          Y (m)          Z (m)          T(m)
-1132915.5392  6092529.5771   1504632.8370   24.1863
验后单位权中误差: 0.4375 (m)
验后估计方差(m^2)
0.1064         -0.0560        -0.0166        -0.0418        
-0.0560        0.4024         0.0083         0.2217         
-0.0166        0.0083         0.0743         0.0103         
-0.0418        0.2217         0.0103         0.1494         
------------------------------------------------------------
# 20   2170    173370.0000 25
X (m)          Y (m)          Z (m)          T(m)
-1132915.5274  6092529.5756   1504632.8107   24.1178
验后单位权中误差: 0.4379 (m)
验后估计方差(m^2)
0.1064         -0.0566        -0.0166        -0.0422        
-0.0566        0.4029         0.0086         0.2220         
-0.0166        0.0086         0.0743         0.0105         
-0.0422        0.2220         0.0105         0.1495         
------------------------------------------------------------
# 21   2170    173400.0000 25
X (m)          Y (m)          Z (m)          T(m)
-1132915.4799  6092529.5350   1504632.8242   24.1287
验后单位权中误差: 0.4318 (m)
验后估计方差(m^2)
0.1034         -0.0555        -0.0161        -0.0413        
-0.0555        0.3917         0.0086         0.2158         
-0.0161        0.0086         0.0721         0.0103         
-0.0413        0.2158         0.0103         0.1453         
------------------------------------------------------------
# 22   2170    173430.0000 25
X (m)          Y (m)          Z (m)          T(m)
-1132915.4192  6092529.4892   1504632.8498   24.1196
验后单位权中误差: 0.4326 (m)
验后估计方差(m^2)
0.1037         -0.0562        -0.0162        -0.0417        
-0.0562        0.3931         0.0088         0.2165         
-0.0162        0.0088         0.0723         0.0104         
-0.0417        0.2165         0.0104         0.1458         
------------------------------------------------------------
# 23   2170    173460.0000 25
X (m)          Y (m)          Z (m)          T(m)
-1132915.4018  6092529.4180   1504632.9078   24.1338
验后单位权中误差: 0.4371 (m)
验后估计方差(m^2)
0.1059         -0.0578        -0.0165        -0.0429        
-0.0578        0.4013         0.0093         0.2210         
-0.0165        0.0093         0.0737         0.0108         
-0.0429        0.2210         0.0108         0.1488         
------------------------------------------------------------
# 24   2170    173490.0000 25
X (m)          Y (m)          Z (m)          T(m)
-1132915.3702  6092529.4321   1504632.8823   24.0389
验后单位权中误差: 0.4343 (m)
验后估计方差(m^2)
0.1044         -0.0575        -0.0163        -0.0426        
-0.0575        0.3960         0.0094         0.2181         
-0.0163        0.0094         0.0726         0.0107         
-0.0426        0.2181         0.0107         0.1468         
------------------------------------------------------------
# 25   2170    173520.0000 25
X (m)          Y (m)          Z (m)          T(m)
-1132915.3650  6092529.4889   1504632.8935   24.0347
验后单位权中误差: 0.4289 (m)
验后估计方差(m^2)
0.1018         -0.0566        -0.0159        -0.0418        
-0.0566        0.3862         0.0094         0.2127         
-0.0159        0.0094         0.0707         0.0106         
-0.0418        0.2127         0.0106         0.1431         
------------------------------------------------------------
# 26   2170    173550.0000 25
X (m)          Y (m)          Z (m)          T(m)
-1132915.3799  6092529.5232   1504632.9062   24.1399
验后单位权中误差: 0.4294 (m)
验后估计方差(m^2)
0.1021         -0.0572        -0.0159        -0.0422        
-0.0572        0.3872         0.0097         0.2132         
-0.0159        0.0097         0.0708         0.0108         
-0.0422        0.2132         0.0108         0.1434         
------------------------------------------------------------
# 27   2170    173580.0000 25
X (m)          Y (m)          Z (m)          T(m)
-1132915.3281  6092529.5673   1504632.8935   23.9954
验后单位权中误差: 0.4253 (m)
验后估计方差(m^2)
0.1001         -0.0566        -0.0156        -0.0417        
-0.0566        0.3799         0.0098         0.2092         
-0.0156        0.0098         0.0693         0.0107         
-0.0417        0.2092         0.0107         0.1407         
------------------------------------------------------------
# 28   2170    173610.0000 25
X (m)          Y (m)          Z (m)          T(m)
-1132915.3675  6092529.5515   1504632.9209   24.0448
验后单位权中误差: 0.4284 (m)
验后估计方差(m^2)
0.1016         -0.0579        -0.0158        -0.0426        
-0.0579        0.3854         0.0102         0.2122         
-0.0158        0.0102         0.0703         0.0110         
-0.0426        0.2122         0.0110         0.1427         
------------------------------------------------------------
# 29   2170    173640.0000 25
X (m)          Y (m)          Z (m)          T(m)
-1132915.3251  6092529.5877   1504632.9374   23.9321
验后单位权中误差: 0.4365 (m)
验后估计方差(m^2)
0.1055         -0.0606        -0.0165        -0.0446        
-0.0606        0.4004         0.0108         0.2205         
-0.0165        0.0108         0.0729         0.0115         
-0.0446        0.2205         0.0115         0.1483         
------------------------------------------------------------
# 30   2170    173670.0000 24
X (m)          Y (m)          Z (m)          T(m)
-1132915.2897  6092529.5671   1504632.8057   23.8881
验后单位权中误差: 0.3875 (m)
验后估计方差(m^2)
0.0836         -0.0484        -0.0142        -0.0360        
-0.0484        0.3157         0.0095         0.1742         
-0.0142        0.0095         0.0607         0.0112         
-0.0360        0.1742         0.0112         0.1180         
------------------------------------------------------------
# 31   2170    173700.0000 24
X (m)          Y (m)          Z (m)          T(m)
-1132915.3129  6092529.5287   1504632.8171   23.7777
验后单位权中误差: 0.3943 (m)
验后估计方差(m^2)
0.0865         -0.0505        -0.0147        -0.0376        
-0.0505        0.3269         0.0101         0.1804         
-0.0147        0.0101         0.0628         0.0117         
-0.0376        0.1804         0.0117         0.1222         
------------------------------------------------------------
# 32   2170    173730.0000 24
X (m)          Y (m)          Z (m)          T(m)
-1132915.2911  6092529.5116   1504632.8252   23.7436
验后单位权中误差: 0.4009 (m)
验后估计方差(m^2)
0.0895         -0.0527        -0.0152        -0.0391        
-0.0527        0.3381         0.0107         0.1866         
-0.0152        0.0107         0.0649         0.0122         
-0.0391        0.1866         0.0122         0.1264         
------------------------------------------------------------
# 33   2170    173760.0000 24
X (m)          Y (m)          Z (m)          T(m)
-1132915.2785  6092529.5219   1504632.7941   23.6907
验后单位权中误差: 0.4059 (m)
验后估计方差(m^2)
0.0918         -0.0544        -0.0156        -0.0404        
-0.0544        0.3467         0.0112         0.1913         
-0.0156        0.0112         0.0664         0.0127         
-0.0404        0.1913         0.0127         0.1296         
------------------------------------------------------------
# 34   2170    173790.0000 24
X (m)          Y (m)          Z (m)          T(m)
-1132915.3026  6092529.5245   1504632.8194   23.6352
验后单位权中误差: 0.4065 (m)
验后估计方差(m^2)
0.0921         -0.0551        -0.0157        -0.0408        
-0.0551        0.3478         0.0115         0.1920         
-0.0157        0.0115         0.0666         0.0129         
-0.0408        0.1920         0.0129         0.1300         
------------------------------------------------------------
# 35   2170    173820.0000 24
X (m)          Y (m)          Z (m)          T(m)
-1132915.3040  6092529.5056   1504632.8081   23.6044
验后单位权中误差: 0.4106 (m)
验后估计方差(m^2)
0.0941         -0.0566        -0.0160        -0.0419        
-0.0566        0.3551         0.0121         0.1960         
-0.0160        0.0121         0.0679         0.0133         
-0.0419        0.1960         0.0133         0.1327         
------------------------------------------------------------
# 36   2170    173850.0000 25
X (m)          Y (m)          Z (m)          T(m)
-1132915.2920  6092529.5313   1504632.7480   23.5763
验后单位权中误差: 0.4058 (m)
验后估计方差(m^2)
0.0915         -0.0555        -0.0145        -0.0405        
-0.0555        0.3467         0.0112         0.1910         
-0.0145        0.0112         0.0630         0.0112         
-0.0405        0.1910         0.0112         0.1285         
------------------------------------------------------------
# 37   2170    173880.0000 25
X (m)          Y (m)          Z (m)          T(m)
-1132915.3474  6092529.6077   1504632.8867   23.7101
验后单位权中误差: 0.4276 (m)
验后估计方差(m^2)
0.1017         -0.0621        -0.0162        -0.0453        
-0.0621        0.3850         0.0127         0.2122         
-0.0162        0.0127         0.0699         0.0125         
-0.0453        0.2122         0.0125         0.1427         
------------------------------------------------------------
# 38   2170    173910.0000 25
X (m)          Y (m)          Z (m)          T(m)
-1132915.3468  6092529.5922   1504632.9079   23.5397
验后单位权中误差: 0.4337 (m)
验后估计方差(m^2)
0.1046         -0.0643        -0.0166        -0.0469        
-0.0643        0.3963         0.0133         0.2184         
-0.0166        0.0133         0.0717         0.0129         
-0.0469        0.2184         0.0129         0.1468         
------------------------------------------------------------
# 39   2170    173940.0000 25
X (m)          Y (m)          Z (m)          T(m)
-1132915.3686  6092529.5575   1504632.9321   23.5128
验后单位权中误差: 0.4420 (m)
验后估计方差(m^2)
0.1088         -0.0673        -0.0172        -0.0490        
-0.0673        0.4117         0.0141         0.2269         
-0.0172        0.0141         0.0743         0.0135         
-0.0490        0.2269         0.0135         0.1525         
------------------------------------------------------------
# 40   2170    173970.0000 25
X (m)          Y (m)          Z (m)          T(m)
-1132915.3841  6092529.5987   1504632.9580   23.4440
验后单位权中误差: 0.4543 (m)
验后估计方差(m^2)
0.1150         -0.0717        -0.0182        -0.0521        
-0.0717        0.4352         0.0152         0.2399         
-0.0182        0.0152         0.0784         0.0144         
-0.0521        0.2399         0.0144         0.1612         
------------------------------------------------------------
# 41   2170    174000.0000 25
X (m)          Y (m)          Z (m)          T(m)
-1132915.3847  6092529.6106   1504633.0000   23.4191
验后单位权中误差: 0.4678 (m)
验后估计方差(m^2)
0.1220         -0.0765        -0.0193        -0.0556        
-0.0765        0.4614         0.0165         0.2544         
-0.0193        0.0165         0.0830         0.0154         
-0.0556        0.2544         0.0154         0.1709         
------------------------------------------------------------
# 42   2170    174030.0000 25
X (m)          Y (m)          Z (m)          T(m)
-1132915.3818  6092529.5928   1504632.9865   23.4078
验后单位权中误差: 0.4547 (m)
验后估计方差(m^2)
0.1154         -0.0729        -0.0183        -0.0529        
-0.0729        0.4361         0.0159         0.2405         
-0.0183        0.0159         0.0783         0.0148         
-0.0529        0.2405         0.0148         0.1616         
------------------------------------------------------------
# 43   2170    174060.0000 25
X (m)          Y (m)          Z (m)          T(m)
-1132915.3928  6092529.6114   1504633.0048   23.4199
验后单位权中误差: 0.4565 (m)
验后估计方差(m^2)
0.1164         -0.0740        -0.0185        -0.0537        
-0.0740        0.4398         0.0163         0.2425         
-0.0185        0.0163         0.0789         0.0150         
-0.0537        0.2425         0.0150         0.1629         
------------------------------------------------------------
# 44   2170    174090.0000 25
X (m)          Y (m)          Z (m)          T(m)
-1132915.3725  6092529.6059   1504633.0180   23.4871
验后单位权中误差: 0.4566 (m)
验后估计方差(m^2)
0.1166         -0.0746        -0.0185        -0.0540        
-0.0746        0.4402         0.0167         0.2428         
-0.0185        0.0167         0.0789         0.0152         
-0.0540        0.2428         0.0152         0.1631         
------------------------------------------------------------
# 45   2170    174120.0000 25
X (m)          Y (m)          Z (m)          T(m)
-1132915.3804  6092529.6079   1504633.0206   23.5089
验后单位权中误差: 0.4616 (m)
验后估计方差(m^2)
0.1193         -0.0768        -0.0190        -0.0556        
-0.0768        0.4501         0.0174         0.2482         
-0.0190        0.0174         0.0806         0.0158         
-0.0556        0.2482         0.0158         0.1668         
------------------------------------------------------------
# 46   2170    174150.0000 25
X (m)          Y (m)          Z (m)          T(m)
-1132915.3733  6092529.6224   1504633.0430   23.3392
验后单位权中误差: 0.4799 (m)
验后估计方差(m^2)
0.1291         -0.0836        -0.0205        -0.0605        
-0.0836        0.4867         0.0192         0.2685         
-0.0205        0.0192         0.0871         0.0172         
-0.0605        0.2685         0.0172         0.1804         
------------------------------------------------------------
# 47   2170    174180.0000 25
X (m)          Y (m)          Z (m)          T(m)
-1132915.3894  6092529.6116   1504633.0453   23.3547
验后单位权中误差: 0.4880 (m)
验后估计方差(m^2)
0.1336         -0.0871        -0.0213        -0.0630        
-0.0871        0.5033         0.0202         0.2777         
-0.0213        0.0202         0.0900         0.0180         
-0.0630        0.2777         0.0180         0.1866         
------------------------------------------------------------
# 48   2170    174210.0000 25
X (m)          Y (m)          Z (m)          T(m)
-1132915.3679  6092529.6196   1504633.0396   23.3465
验后单位权中误差: 0.5026 (m)
验后估计方差(m^2)
0.1419         -0.0931        -0.0226        -0.0672        
-0.0931        0.5341         0.0219         0.2948         
-0.0226        0.0219         0.0954         0.0194         
-0.0672        0.2948         0.0194         0.1981         
------------------------------------------------------------
# 49   2170    174240.0000 25
X (m)          Y (m)          Z (m)          T(m)
-1132915.3779  6092529.6097   1504633.0407   23.3518
验后单位权中误差: 0.5100 (m)
验后估计方差(m^2)
0.1462         -0.0965        -0.0234        -0.0697        
-0.0965        0.5500         0.0229         0.3036         
-0.0234        0.0229         0.0982         0.0202         
-0.0697        0.3036         0.0202         0.2040         
------------------------------------------------------------
# 50   2170    174270.0000 25
X (m)          Y (m)          Z (m)          T(m)
-1132915.3947  6092529.6164   1504633.0487   23.2284
验后单位权中误差: 0.5029 (m)
验后估计方差(m^2)
0.1424         -0.0945        -0.0228        -0.0682        
-0.0945        0.5352         0.0227         0.2954         
-0.0228        0.0227         0.0955         0.0199         
-0.0682        0.2954         0.0199         0.1985         
------------------------------------------------------------
# 51   2170    174300.0000 25
X (m)          Y (m)          Z (m)          T(m)
-1132915.3910  6092529.6088   1504633.0337   23.2704
验后单位权中误差: 0.4924 (m)
验后估计方差(m^2)
0.1367         -0.0912        -0.0219        -0.0658        
-0.0912        0.5132         0.0222         0.2833         
-0.0219        0.0222         0.0915         0.0193         
-0.0658        0.2833         0.0193         0.1904         
------------------------------------------------------------
# 52   2170    174330.0000 25
X (m)          Y (m)          Z (m)          T(m)
-1132915.3979  6092529.6130   1504633.0274   23.3419
验后单位权中误差: 0.4866 (m)
验后估计方差(m^2)
0.1337         -0.0897        -0.0215        -0.0647        
-0.0897        0.5013         0.0221         0.2768         
-0.0215        0.0221         0.0893         0.0190         
-0.0647        0.2768         0.0190         0.1861         
------------------------------------------------------------
# 53   2170    174360.0000 24
X (m)          Y (m)          Z (m)          T(m)
-1132915.3773  6092529.4854   1504632.9161   23.2389
验后单位权中误差: 0.4701 (m)
验后估计方差(m^2)
0.1252         -0.0854        -0.0212        -0.0618        
-0.0854        0.4726         0.0258         0.2631         
-0.0212        0.0258         0.0884         0.0228         
-0.0618        0.2631         0.0228         0.1783         
------------------------------------------------------------
# 54   2170    174390.0000 24
X (m)          Y (m)          Z (m)          T(m)
-1132915.3942  6092529.4548   1504632.9232   23.0661
验后单位权中误差: 0.4716 (m)
验后估计方差(m^2)
0.1261         -0.0865        -0.0214        -0.0626        
-0.0865        0.4759         0.0264         0.2649         
-0.0214        0.0264         0.0890         0.0232         
-0.0626        0.2649         0.0232         0.1796         
------------------------------------------------------------
# 55   2170    174420.0000 24
X (m)          Y (m)          Z (m)          T(m)
-1132915.3944  6092529.4453   1504632.9123   23.1026
验后单位权中误差: 0.4673 (m)
验后估计方差(m^2)
0.1240         -0.0855        -0.0211        -0.0618        
-0.0855        0.4674         0.0263         0.2603         
-0.0211        0.0263         0.0873         0.0230         
-0.0618        0.2603         0.0230         0.1764         
------------------------------------------------------------
# 56   2170    174450.0000 24
X (m)          Y (m)          Z (m)          T(m)
-1132915.3909  6092529.4972   1504632.9204   23.0267
验后单位权中误差: 0.4675 (m)
验后估计方差(m^2)
0.1243         -0.0862        -0.0212        -0.0623        
-0.0862        0.4679         0.0267         0.2606         
-0.0212        0.0267         0.0874         0.0232         
-0.0623        0.2606         0.0232         0.1767         
------------------------------------------------------------
# 57   2170    174480.0000 24
X (m)          Y (m)          Z (m)          T(m)
-1132915.3872  6092529.5000   1504632.9248   23.0055
验后单位权中误差: 0.4644 (m)
验后估计方差(m^2)
0.1228         -0.0856        -0.0210        -0.0619        
-0.0856        0.4621         0.0268         0.2574         
-0.0210        0.0268         0.0862         0.0231         
-0.0619        0.2574         0.0231         0.1745         
------------------------------------------------------------
# 58   2170    174510.0000 24
X (m)          Y (m)          Z (m)          T(m)
-1132915.3881  6092529.5175   1504632.9209   22.9438
验后单位权中误差: 0.4579 (m)
验后估计方差(m^2)
0.1196         -0.0838        -0.0205        -0.0605        
-0.0838        0.4494         0.0264         0.2504         
-0.0205        0.0264         0.0838         0.0227         
-0.0605        0.2504         0.0227         0.1698         
------------------------------------------------------------
# 59   2170    174540.0000 24
X (m)          Y (m)          Z (m)          T(m)
-1132915.3906  6092529.5318   1504632.9246   22.9936
验后单位权中误差: 0.4550 (m)
验后估计方差(m^2)
0.1183         -0.0833        -0.0203        -0.0601        
-0.0833        0.4439         0.0264         0.2474         
-0.0203        0.0264         0.0828         0.0226         
-0.0601        0.2474         0.0226         0.1678         
------------------------------------------------------------
# 60   2170    174570.0000 24
X (m)          Y (m)          Z (m)          T(m)
-1132915.3899  6092529.5416   1504632.9246   23.0315
验后单位权中误差: 0.4506 (m)
验后估计方差(m^2)
0.1161         -0.0822        -0.0200        -0.0593        
-0.0822        0.4354         0.0263         0.2427         
-0.0200        0.0263         0.0812         0.0224         
-0.0593        0.2427         0.0224         0.1646         
------------------------------------------------------------
# 61   2170    174600.0000 24
X (m)          Y (m)          Z (m)          T(m)
-1132915.4004  6092529.5768   1504632.9206   22.8683
验后单位权中误差: 0.4381 (m)
验后估计方差(m^2)
0.1099         -0.0782        -0.0189        -0.0564        
-0.0782        0.4117         0.0252         0.2296         
-0.0189        0.0252         0.0767         0.0214         
-0.0564        0.2296         0.0214         0.1557         
------------------------------------------------------------
# 62   2170    174630.0000 24
X (m)          Y (m)          Z (m)          T(m)
-1132915.1707  6092529.3030   1504632.8536   22.6089
验后单位权中误差: 0.4294 (m)
验后估计方差(m^2)
0.1058         -0.0756        -0.0183        -0.0545        
-0.0756        0.3957         0.0246         0.2207         
-0.0183        0.0246         0.0737         0.0208         
-0.0545        0.2207         0.0208         0.1497         
------------------------------------------------------------
# 63   2170    174660.0000 24
X (m)          Y (m)          Z (m)          T(m)
-1132915.1738  6092529.3219   1504632.8445   22.4954
验后单位权中误差: 0.4287 (m)
验后估计方差(m^2)
0.1056         -0.0759        -0.0183        -0.0547        
-0.0759        0.3946         0.0248         0.2201         
-0.0183        0.0248         0.0735         0.0209         
-0.0547        0.2201         0.0209         0.1493         
------------------------------------------------------------
# 64   2170    174690.0000 24
X (m)          Y (m)          Z (m)          T(m)
-1132915.1554  6092529.3516   1504632.8436   22.5307
验后单位权中误差: 0.4347 (m)
验后估计方差(m^2)
0.1088         -0.0785        -0.0189        -0.0566        
-0.0785        0.4058         0.0259         0.2265         
-0.0189        0.0259         0.0755         0.0217         
-0.0566        0.2265         0.0217         0.1537         
------------------------------------------------------------
# 65   2170    174720.0000 24
X (m)          Y (m)          Z (m)          T(m)
-1132915.1464  6092529.3692   1504632.8368   22.5666
验后单位权中误差: 0.4332 (m)
验后估计方差(m^2)
0.1082         -0.0784        -0.0188        -0.0565        
-0.0784        0.4031         0.0261         0.2250         
-0.0188        0.0261         0.0750         0.0217         
-0.0565        0.2250         0.0217         0.1527         
------------------------------------------------------------
# 66   2170    174750.0000 25
X (m)          Y (m)          Z (m)          T(m)
-1132915.1761  6092529.5550   1504632.9817   22.6503
验后单位权中误差: 0.4835 (m)
验后估计方差(m^2)
0.1348         -0.0973        -0.0225        -0.0698        
-0.0973        0.4979         0.0285         0.2762         
-0.0225        0.0285         0.0892         0.0231         
-0.0698        0.2762         0.0231         0.1862         
------------------------------------------------------------
# 67   2170    174780.0000 25
X (m)          Y (m)          Z (m)          T(m)
-1132915.1744  6092529.5837   1504632.9934   22.6773
验后单位权中误差: 0.4881 (m)
验后估计方差(m^2)
0.1375         -0.0996        -0.0229        -0.0714        
-0.0996        0.5069         0.0289         0.2810         
-0.0229        0.0289         0.0903         0.0233         
-0.0714        0.2810         0.0233         0.1894         
------------------------------------------------------------
# 68   2170    174810.0000 25
X (m)          Y (m)          Z (m)          T(m)
-1132915.1693  6092529.6108   1504632.9877   22.7539
验后单位权中误差: 0.4787 (m)
验后估计方差(m^2)
0.1325         -0.0964        -0.0220        -0.0691        
-0.0964        0.4876         0.0280         0.2703         
-0.0220        0.0280         0.0867         0.0224         
-0.0691        0.2703         0.0224         0.1821         
------------------------------------------------------------
# 69   2170    174840.0000 25
X (m)          Y (m)          Z (m)          T(m)
-1132915.1797  6092529.5943   1504632.9658   22.6236
验后单位权中误差: 0.4659 (m)
验后估计方差(m^2)
0.1257         -0.0918        -0.0209        -0.0658        
-0.0918        0.4619         0.0268         0.2561         
-0.0209        0.0268         0.0821         0.0214         
-0.0658        0.2561         0.0214         0.1725         
------------------------------------------------------------
# 70   2170    174870.0000 25
X (m)          Y (m)          Z (m)          T(m)
-1132915.1960  6092529.6156   1504632.9590   22.5979
验后单位权中误差: 0.4642 (m)
验后估计方差(m^2)
0.1250         -0.0916        -0.0208        -0.0657        
-0.0916        0.4584         0.0269         0.2542         
-0.0208        0.0269         0.0814         0.0214         
-0.0657        0.2542         0.0214         0.1713         
------------------------------------------------------------
# 71   2170    174900.0000 25
X (m)          Y (m)          Z (m)          T(m)
-1132915.2084  6092529.5978   1504632.9446   22.5509
验后单位权中误差: 0.4565 (m)
验后估计方差(m^2)
0.1211         -0.0892        -0.0202        -0.0639        
-0.0892        0.4434         0.0264         0.2459         
-0.0202        0.0264         0.0787         0.0209         
-0.0639        0.2459         0.0209         0.1657         
------------------------------------------------------------
# 72   2170    174930.0000 25
X (m)          Y (m)          Z (m)          T(m)
-1132915.2117  6092529.6208   1504632.9439   22.5553
验后单位权中误差: 0.4501 (m)
验后估计方差(m^2)
0.1179         -0.0871        -0.0197        -0.0624        
-0.0871        0.4309         0.0260         0.2390         
-0.0197        0.0260         0.0765         0.0205         
-0.0624        0.2390         0.0205         0.1611         
------------------------------------------------------------
# 73   2170    174960.0000 25
X (m)          Y (m)          Z (m)          T(m)
-1132915.2140  6092529.6625   1504632.9412   22.6451
验后单位权中误差: 0.4452 (m)
验后估计方差(m^2)
0.1156         -0.0857        -0.0194        -0.0614        
-0.0857        0.4217         0.0257         0.2339         
-0.0194        0.0257         0.0748         0.0202         
-0.0614        0.2339         0.0202         0.1577         
------------------------------------------------------------
# 74   2170    174990.0000 25
X (m)          Y (m)          Z (m)          T(m)
-1132915.2022  6092529.6564   1504632.9315   22.5867
验后单位权中误差: 0.4338 (m)
验后估计方差(m^2)
0.1099         -0.0819        -0.0185        -0.0586        
-0.0819        0.4005         0.0247         0.2222         
-0.0185        0.0247         0.0710         0.0194         
-0.0586        0.2222         0.0194         0.1498         
------------------------------------------------------------
# 75   2170    175020.0000 25
X (m)          Y (m)          Z (m)          T(m)
-1132915.2043  6092529.6852   1504632.9356   22.5006
验后单位权中误差: 0.4276 (m)
验后估计方差(m^2)
0.1070         -0.0800        -0.0180        -0.0573        
-0.0800        0.3891         0.0243         0.2159         
-0.0180        0.0243         0.0690         0.0190         
-0.0573        0.2159         0.0190         0.1456         
------------------------------------------------------------
# 76   2170    175050.0000 25
X (m)          Y (m)          Z (m)          T(m)
-1132915.1852  6092529.7035   1504632.9222   22.4304
验后单位权中误差: 0.4242 (m)
验后估计方差(m^2)
0.1055         -0.0792        -0.0178        -0.0566        
-0.0792        0.3829         0.0242         0.2126         
-0.0178        0.0242         0.0679         0.0189         
-0.0566        0.2126         0.0189         0.1434         
------------------------------------------------------------
# 77   2170    175080.0000 25
X (m)          Y (m)          Z (m)          T(m)
-1132915.1836  6092529.6921   1504632.9221   22.3899
验后单位权中误差: 0.4188 (m)
验后估计方差(m^2)
0.1030         -0.0776        -0.0174        -0.0555        
-0.0776        0.3732         0.0239         0.2072         
-0.0174        0.0239         0.0662         0.0185         
-0.0555        0.2072         0.0185         0.1398         
------------------------------------------------------------
# 78   2170    175110.0000 25
X (m)          Y (m)          Z (m)          T(m)
-1132915.1731  6092529.6829   1504632.9288   22.5289
验后单位权中误差: 0.4172 (m)
验后估计方差(m^2)
0.1024         -0.0774        -0.0173        -0.0554        
-0.0774        0.3704         0.0240         0.2057         
-0.0173        0.0240         0.0657         0.0186         
-0.0554        0.2057         0.0186         0.1388         
------------------------------------------------------------
# 79   2170    175140.0000 24
X (m)          Y (m)          Z (m)          T(m)
-1132915.1344  6092529.6008   1504632.8401   22.3913
验后单位权中误差: 0.4048 (m)
验后估计方差(m^2)
0.0973         -0.0743        -0.0180        -0.0537        
-0.0743        0.3502         0.0253         0.1956         
-0.0180        0.0253         0.0658         0.0208         
-0.0537        0.1956         0.0208         0.1332         
------------------------------------------------------------
# 80   2170    175170.0000 24
X (m)          Y (m)          Z (m)          T(m)
-1132915.1432  6092529.5991   1504632.8235   22.2806
验后单位权中误差: 0.4002 (m)
验后估计方差(m^2)
0.0953         -0.0730        -0.0177        -0.0528        
-0.0730        0.3423         0.0251         0.1913         
-0.0177        0.0251         0.0643         0.0205         
-0.0528        0.1913         0.0205         0.1303         
------------------------------------------------------------
# 81   2170    175200.0000 24
X (m)          Y (m)          Z (m)          T(m)
-1132915.1431  6092529.6156   1504632.8221   22.2732
验后单位权中误差: 0.3912 (m)
验后估计方差(m^2)
0.0912         -0.0701        -0.0170        -0.0507        
-0.0701        0.3271         0.0242         0.1828         
-0.0170        0.0242         0.0615         0.0197         
-0.0507        0.1828         0.0197         0.1246         
------------------------------------------------------------
# 82   2170    175230.0000 25
X (m)          Y (m)          Z (m)          T(m)
-1132915.1860  6092529.6995   1504632.9380   22.3557
验后单位权中误差: 0.4254 (m)
验后估计方差(m^2)
0.1074         -0.0824        -0.0186        -0.0590        
-0.0824        0.3853         0.0266         0.2143         
-0.0186        0.0266         0.0690         0.0206         
-0.0590        0.2143         0.0206         0.1450         
------------------------------------------------------------
# 83   2170    175260.0000 25
X (m)          Y (m)          Z (m)          T(m)
-1132915.1504  6092529.6280   1504632.8572   22.1863
验后单位权中误差: 0.3788 (m)
验后估计方差(m^2)
0.0852         -0.0656        -0.0147        -0.0469        
-0.0656        0.3053         0.0212         0.1698         
-0.0147        0.0212         0.0545         0.0162         
-0.0469        0.1698         0.0162         0.1148         
------------------------------------------------------------
# 84   2170    175290.0000 25
X (m)          Y (m)          Z (m)          T(m)
-1132915.1509  6092529.6747   1504632.8957   22.1507
验后单位权中误差: 0.3782 (m)
验后估计方差(m^2)
0.0851         -0.0657        -0.0147        -0.0470        
-0.0657        0.3043         0.0213         0.1693         
-0.0147        0.0213         0.0543         0.0163         
-0.0470        0.1693         0.0163         0.1144         
------------------------------------------------------------
# 85   2170    175320.0000 25
X (m)          Y (m)          Z (m)          T(m)
-1132915.1761  6092529.6897   1504632.9523   22.2874
验后单位权中误差: 0.3917 (m)
验后估计方差(m^2)
0.0915         -0.0708        -0.0158        -0.0506        
-0.0708        0.3264         0.0231         0.1816         
